SCMBranch=Test-Team
SCMRepository=Test-Team/Algemeen/Automatisering/WatiN/WatiN
~sak5f85285701c62bdd.csproj;4294967295;1;1139313322;
~sakfffa1a5101c63082.csproj;4294967295;1;1139824262;
~sak11c2d86601c6361a.csproj;4294967295;1;1140438902;
~sakdfabe8cb01c641fc.csproj;4294967295;1;1141745776;
~sak40cb01fa01c648d3.csproj;4294967295;1;1142497559;
~sak48f386b001c64c3e.csproj;4294967295;1;1142873382;
Button.cs;3710957262;2;1143548809;
ButtonCollection.cs;1156702385;2;1143548809;
CheckBox.cs;2443815620;2;1143548810;
CheckBoxCollection.cs;973297355;2;1143548810;
Div.cs;39112415;2;1143548810;
DivCollection.cs;4148852008;2;1143548810;
exceptions.rb;1041894526;1;1139236307;
FormCollection.cs;2987139543;2;1143548812;
HTMLDialogCollection.cs;2150807935;1;1143548808;
IDocument.cs;4294967295;1;1139236305;
IECollection.cs;1165123963;1;1143548808;
Image.cs;4222886118;2;1143548813;
ImageCollection.cs;2092795249;2;1143548813;
Link.cs;2546803249;2;1143548814;
LinkCollection.cs;710409449;2;1143548814;
Logging.cs;2097610495;4;1141745911;
Para.cs;226282776;2;1143548814;
ParaCollection.cs;943370557;2;1143548814;
PopupWatcher.cs;3983310632;1;1142873653;
RadioButton.cs;3462987027;2;1143548815;
RadioButtonCollection.cs;593894443;2;1143548815;
SelectListCollection.cs;2828959055;2;1143548816;
Span.cs;2508364250;2;1143548816;
SpanCollection.cs;3773353432;2;1143548816;
Table.cs;286388599;2;1143548817;
TableCell.cs;1141687688;2;1143548817;
TableCellCollection.cs;628483691;2;1143548817;
TableCollection.cs;352943877;2;1143548818;
TableRowCollection.cs;392768385;2;1143548818;
TableSectionCollection.cs;1767714607;2;1143548818;
Utils.cs;4161464900;2;1142874113;
watir 1.211.2.2.rb;1932369192;1;1139236305;
watir 1.274.rb;3695602856;1;1139236305;
watir 934.rb;1877964773;1;1143548808;
Win32.cs;1736807456;2;1143548819;
RadioCheck.cs;2908150075;3;1143631960;
Form.cs;381149374;3;1144229422;
HTMLDialog.cs;3055210913;1;1144311978;
DomContainer.cs;2975905639;7;1144314934;
FindElementBy.cs;2946259285;7;1144340908;
~sakdf5e5ad601c65c75.csproj;4294967295;1;1144656476;
Document.cs;1167127444;6;1144655871;
ElementsContainer.cs;1330933300;4;1144655872;
Exceptions.cs;3693925178;7;1144656308;
Frame.cs;3526484599;7;1144655871;
ISubElements.cs;3946310283;2;1144655872;
SelectList.cs;3152909440;4;1144656308;
SubElementsSupport.cs;357567942;8;1144655872;
TextFieldCollection.cs;3781271890;2;1144658345;
AssemblyInfo.cs;566498311;16;1144658474;
FindBy.cs;2174780806;8;1144659293;
~sak06ad23b401c6676d.csproj;4294967295;1;1145862139;
FrameCollection.cs;2919554426;3;1145862165;
IE.cs;2373387718;18;1145092509;
ITextElement.cs;4284219877;2;1145092962;
TableRow.cs;2565600795;3;1145092962;
WatiN.csproj.vspscc;1739597443;1;1139236307;
WatiN.csproj;1216861820;7;1145862059;
TextField.cs;1507562441;4;1145884199;
Element.cs;1913903951;6;1145884428;
